43 139 101 98 1 155 61 162 0
43 139 101 98 1 155 61 162 0
99 158 44 6 1 144 33 49 202
181 241 206 114 111 205 25 234 1402
202 211 86 181 1 96 166 204 1440
161 69 48 219 161 69 45 5 1448
43 139 101 98 1 155 61 162 0
181 241 206 114 111 205 25 234 1402
147 73 59 126 29 188 50 86 1430
216 40 29 51 153 193 47 225 0
126 41 121 0 221 46 220 25 0
93 63 73 230 210 50 140 113 0
67 231 114 178 220 27 151 120 172
67 156 81 107 111 204 90 134 172
183 207 101 251 145 103 85 98 0
147 73 59 126 29 188 50 86 1430
161 69 48 219 161 69 45 5 1448
146 9 66 44 1 96 194 61 0
20 136 201 17 43 43 40 45 0
137 32 168 228 198 92 223 195 85
147 73 59 126 29 188 50 86 1430
95 162 229 35 153 193 47 51 0
161 69 48 219 161 69 45 5 1448
137 227 47 182 221 46 221 84 1448
128 29 98 33 1 96 167 103 1440
147 73 59 126 29 188 50 86 1430
28 97 147 238 1 96 166 213 1200
210 22 249 235 211 106 132 177 16
161 69 48 219 161 69 45 5 1448
147 73 59 126 29 188 50 86 1430
137 227 47 182 221 46 221 84 1448
104 187 24 188 198 85 16 238 0
126 22 220 216 3 250 35 244 961
111 74 87 36 146 39 89 233 189
49 101 34 209 43 43 40 135 0
49 101 34 209 43 43 40 135 0
43 139 101 125 1 35 170 175 35
161 69 48 219 161 69 45 5 1448
153 193 154 218 67 98 135 147 1452
147 73 59 126 29 188 50 86 1430
146 9 66 44 1 96 194 61 796
161 69 48 219 161 69 45 5 1448
137 227 47 182 221 46 221 84 1448
139 146 145 17 35 240 203 196 0
198 88 218 136 198 88 219 113 172
139 146 145 17 35 240 203 196 0
43 15 150 75 153 193 47 180 31
139 146 145 17 35 240 203 196 0
139 146 145 17 35 240 203 196 0
93 63 73 230 210 50 140 113 0
73 0 128 111 137 56 127 250 343
147 73 59 126 29 188 50 86 1430
161 69 48 219 161 69 45 5 1448
95 162 229 35 153 193 47 51 0
137 227 47 182 221 46 221 84 1448
147 73 59 126 29 188 50 86 1430
137 227 47 182 221 46 221 84 1448
161 69 48 219 161 69 45 5 1448
137 227 47 182 221 46 221 84 1448
43 15 150 75 153 193 47 180 0
137 227 47 182 221 46 221 84 1448
39 183 26 216 43 239 192 233 585
207 136 135 179 1 96 167 17 1440
147 73 59 126 29 188 50 86 1430
147 73 59 126 29 188 50 86 400
161 69 48 219 161 69 45 5 1448
66 39 157 76 134 38 153 20 88
28 77 159 169 1 96 167 230 1200
93 63 73 230 210 50 140 113 0
69 138 215 193 211 106 173 220 848
107 164 157 61 1 66 139 11 0
137 227 47 182 221 46 221 84 1448
147 202 233 255 5 252 67 245 0
161 69 48 219 161 69 45 5 1448
66 173 142 253 1 32 131 44 1448
66 173 142 253 1 32 131 44 496
201 70 194 5 1 96 184 134 1428
137 227 47 182 221 46 221 84 1448
43 139 101 101 1 0 67 66 0
216 1 47 104 216 1 1 17 0
172 178 178 242 43 8 178 28 0
172 178 178 242 43 8 178 28 0
120 178 89 178 1 96 167 17 1460
161 69 48 219 161 69 45 5 1448
209 128 124 152 198 97 144 64 0
147 73 59 126 29 188 50 86 1430
146 198 255 96 104 239 136 228 1509
43 139 101 142 1 154 10 132 0
147 73 59 126 29 188 50 86 1430
207 136 242 129 1 96 167 9 1440
43 139 101 107 1 37 19 252 0
146 198 255 9 104 239 136 228 17
74 253 113 46 43 252 225 254 0
109 147 8 67 1 3 251 80 23
137 227 47 182 221 46 221 84 1448
161 69 48 219 161 69 45 5 1448
74 253 113 46 43 252 225 254 0
96 99 97 182 43 239 210 134 0
147 73 59 126 29 188 50 86 1430
201 70 194 5 1 96 184 134 1234
155 255 68 179 35 240 203 254 0
147 73 59 126 29 188 50 86 1430
214 104 165 239 35 240 203 196 0
137 227 47 182 221 46 221 84 1448
176 142 141 175 43 206 245 118 0
161 69 48 219 161 69 45 5 1448
147 73 59 126 29 188 50 86 1430
172 178 178 242 43 8 178 28 0
147 73 59 126 29 188 50 86 1430
172 178 178 242 43 8 178 28 0
137 227 47 182 221 46 221 84 1448
130 22 53 83 107 29 203 247 1414
147 73 59 126 29 188 50 86 1430
161 69 48 219 161 69 45 5 1448
147 73 59 126 29 188 50 86 1430
147 73 59 126 29 188 50 86 1430
43 139 101 125 1 35 170 175 35
221 0 52 94 43 8 202 111 0
137 227 47 182 221 46 221 84 1448
43 139 101 135 1 2 38 184 35
147 73 59 126 29 188 50 86 1430
161 69 48 219 161 69 45 5 1448
43 139 101 9 1 154 10 132 23
49 101 34 209 43 43 40 135 0
137 227 47 182 221 46 221 84 1448
130 2 190 104 5 243 200 239 75
147 73 59 126 29 188 50 86 1430
161 69 48 219 161 69 45 5 1448
43 139 101 137 1 2 54 84 0
39 181 212 133 35 240 203 243 53
22 230 151 77 43 150 171 216 1
140 124 93 95 35 240 203 203 0
146 67 183 200 111 205 228 107 1438
139 146 145 55 35 240 203 213 0
137 227 47 182 221 46 221 84 1448
134 9 62 74 74 238 249 22 1460
147 73 59 126 29 188 50 86 1430
102 125 135 54 221 195 231 37 0
161 69 48 219 161 69 45 5 1448
10 246 98 202 102 14 146 212 0
12 43 115 168 1 144 79 155 0
147 73 59 126 29 188 50 86 1430
119 230 195 213 1 96 167 9 512
137 227 47 182 221 46 221 84 1448
112 107 2 154 1 96 167 230 1440
161 69 48 219 161 69 45 5 1448
134 9 62 74 74 238 249 22 1460
147 73 59 126 29 188 50 86 1430
66 239 203 69 5 252 122 84 0
147 73 59 126 29 188 50 86 1430
106 84 38 212 1 13 5 138 23
172 178 178 242 43 8 178 28 0
161 69 48 219 161 69 45 5 1448
147 73 59 126 29 188 50 86 1430
137 227 47 182 221 46 221 84 1448
198 88 218 136 198 88 219 20 172
214 138 23 71 221 195 204 172 34
147 73 59 126 29 188 50 86 1430
161 69 48 219 161 69 45 5 1448
147 73 59 126 29 188 50 86 1430
95 162 229 35 153 193 47 51 0
137 227 47 182 221 46 221 84 1448
161 69 48 219 161 69 45 5 1448
198 88 221 44 198 88 219 48 172
147 73 59 126 29 188 50 86 1430
157 13 170 167 111 205 228 170 0
43 139 101 118 1 2 47 183 0
137 227 47 182 221 46 221 84 1448
137 227 47 182 221 46 221 84 1448
161 69 48 219 161 69 45 5 1448
15 68 187 164 104 239 143 204 32
137 227 47 182 221 46 221 84 1448
73 83 106 94 111 205 25 225 93
72 1 79 89 153 193 184 105 1140
147 73 59 126 29 188 50 86 1430
202 211 86 181 1 96 166 204 1440
137 227 47 182 221 46 221 84 1448
161 69 48 219 161 69 45 5 1448
147 73 59 126 29 188 50 86 1430
137 227 47 182 221 46 221 84 1448
202 211 86 181 1 96 166 204 1440
122 8 251 81 1 152 57 43 0
161 69 48 219 161 69 45 5 1448
147 73 59 126 29 188 50 86 1430
137 227 47 182 221 46 221 84 1448
104 187 24 188 198 85 16 238 0
183 141 101 226 43 252 226 198 154
172 178 178 242 43 8 178 28 0
215 222 170 4 35 240 203 203 581
43 139 101 131 1 34 248 21 0
161 69 48 219 161 69 45 5 1448
137 227 47 182 221 46 221 84 1448
147 73 59 126 29 188 50 86 1430
147 73 59 126 29 188 50 86 400
220 27 80 146 68 92 190 130 1448
220 27 80 146 68 92 190 130 1448
161 69 48 219 161 69 45 5 1448
220 27 80 146 68 92 190 130 1448
220 27 80 146 68 92 190 130 1448
132 59 32 23 198 88 219 49 172
